cpn:28
order:4
close(0):0
kont:0,0,0,0,0.000600445,0.000438305,0.00112108,0.00102959,0.000934196,0.00125126,0.0991582,0.484264,0.40079,0.290029,0.172198,0.558037,0.529741,0.428636,0.509038,0.502156,0.563585,0.193304,0.801678,0.467599,0.266592,0.196178,0.198789,0.808741,1,1,1,1,
cpts&crads(P,R):
0.614909	2.74694	2.7468	5.25314
0.614909	2.74694	2.7468	5.25314
0.614909	2.74694	2.7468	5.25314
0.614909	2.74694	2.7468	5.25314
0.614909	2.74694	2.7468	5.25314
0.614909	2.74694	2.7468	5.25314
0.614909	2.74694	2.7468	5.25314
0.614909	2.74694	2.7468	5.25314
0.614909	2.74694	2.74682	5.25314
0.614909	2.74694	2.74683	5.25314
0.614909	2.74694	2.74684	5.25314
0.614909	2.74694	2.74683	5.25314
0.614909	2.74694	2.74683	5.25314
0.614909	2.74694	2.74684	5.25314
0.614909	2.74694	2.74685	5.25314
0.614909	2.74694	2.74684	5.25314
0.614909	2.74694	2.74684	5.25314
0.614909	2.74694	2.74685	5.25314
0.614909	2.74694	2.74684	5.25314
0.614909	2.74694	2.74685	5.25314
0.614909	2.74694	2.74684	5.25314
0.614909	2.74694	2.74685	5.25314
0.614909	2.74694	2.74683	5.25314
0.614909	2.74694	2.74682	5.25314
0.614909	2.74694	2.74684	5.25314
0.614909	2.74694	2.74686	5.25314
0.614909	2.74694	2.74688	5.25314
0.614909	2.74694	2.74689	5.25314
centercurve:
0.614909	2.74694	2.7468	5.25314
0.614909	2.74694	2.7468	5.25314
0.614909	2.74694	2.7468	5.25314
0.614909	2.74694	2.7468	5.25314
0.614909	2.74694	2.7468	5.25314
0.614909	2.74694	2.7468	5.25314
0.614909	2.74694	2.7468	5.25314
0.614909	2.74694	2.7468	5.25314
0.614909	2.74694	2.74682	5.25314
0.614909	2.74694	2.74683	5.25314
0.614909	2.74694	2.74684	5.25314
0.614909	2.74694	2.74683	5.25314
0.614909	2.74694	2.74683	5.25314
0.614909	2.74694	2.74684	5.25314
0.614909	2.74694	2.74685	5.25314
0.614909	2.74694	2.74684	5.25314
0.614909	2.74694	2.74684	5.25314
0.614909	2.74694	2.74685	5.25314
0.614909	2.74694	2.74684	5.25314
0.614909	2.74694	2.74685	5.25314
0.614909	2.74694	2.74684	5.25314
0.614909	2.74694	2.74685	5.25314
0.614909	2.74694	2.74683	5.25314
0.614909	2.74694	2.74682	5.25314
0.614909	2.74694	2.74684	5.25314
0.614909	2.74694	2.74686	5.25314
0.614909	2.74694	2.74688	5.25314
0.614909	2.74694	2.74689	5.25314
centercurve kont vector:0,0,0,0,0.000600445,0.000438305,0.00112108,0.00102959,0.000934196,0.00125126,0.0991582,0.484264,0.40079,0.290029,0.172198,0.558037,0.529741,0.428636,0.509038,0.502156,0.563585,0.193304,0.801678,0.467599,0.266592,0.196178,0.198789,0.808741,1,1,1,1,
radCurve number:
5.25314
5.25314
5.25314
5.25314
5.25314
5.25314
5.25314
5.25314
5.25314
5.25314
5.25314
5.25314
5.25314
5.25314
5.25314
5.25314
5.25314
5.25314
5.25314
5.25314
5.25314
5.25314
5.25314
5.25314
5.25314
5.25314
5.25314
5.25314
radCurve kont vector:0,0,0,0,0.000600445,0.000438305,0.00112108,0.00102959,0.000934196,0.00125126,0.0991582,0.484264,0.40079,0.290029,0.172198,0.558037,0.529741,0.428636,0.509038,0.502156,0.563585,0.193304,0.801678,0.467599,0.266592,0.196178,0.198789,0.808741,1,1,1,1,